 1 Beads|  Beta  |   est_val   |   top_dev   |   bot_dev   |  std_err 
 2 -----------------------------------------------------------
 3   33 |  0.500 |  1.5266e+03 |  1.6811e+02 |  1.2589e-01 |  5.1487e+02   
 4   65 |  1.000 |  3.3914e+02 |  9.4443e+01 |  5.7881e-01 |  2.9162e+02 
 5   129 |  2.000 |  3.2347e+02 |  7.9019e+00 |  8.4865e-02 |  1.6761e+02 
 6   193 |  3.000 |  1.0500e+03 |  3.1557e+01 |  6.5610e-03 |  4.9411e+02 
 7   257 |  4.000 |  4.6157e+02 |  3.5704e+00 |  4.7773e-03 |  9.6789e+01 
 8   321 |  5.000 |  6.2460e+02 |  9.7752e+00 |  6.4297e-03 |  2.5169e+02 
 9   353 |  5.500 |  4.8944e+02 |  2.8773e+00 |  3.0633e-03 |  9.9605e+01 
10   393 |  6.125 |  2.8103e+02 |  4.6136e+00 |  3.4293e-02 |  1.7742e+02 
11   433 |  6.750 |  3.2979e+02 |  2.6521e+00 |  1.3748e-02 |  1.4380e+02 
12   473 |  7.375 |  5.6260e+02 |  2.9805e+00 |  1.4638e-03 |  1.2850e+02 
13   513 |  8.000 |  4.9225e+02 |  4.6549e+00 |  3.5939e-03 |  2.0281e+02 
14   553 |  8.625 |  2.6582e+02 |  9.5643e-01 |  1.3499e-02 |  1.0956e+02 
15   593 |  9.250 |  3.3815e+02 |  2.8238e+00 |  1.0637e-02 |  1.5595e+02 
16   633 |  9.875 |  1.7507e+02 |  6.9219e-01 |  2.1846e-02 |  9.2606e+01 
17   673 |  10.500 |  4.8039e+02 |  1.6889e+00 |  1.6856e-03 |  1.0456e+02 
18   713 |  11.125 |  2.8247e+02 |  3.1904e+00 |  1.1060e-02 |  1.5487e+02 
19   753 |  11.750 |  4.0109e+02 |  1.0676e+00 |  2.2422e-03 |  9.3506e+01 
20   793 |  12.375 |  1.2669e+03 |  2.0402e+01 |  2.0756e-03 |  1.0575e+03

top mean		 |  bottom mean
338.125666463    |  0.997001959556
68.2268245443    |  0.210922018105
81.6946136473    |  0.077807643473
27.542516066     |  0.0596712204171
34.2242689354    |  0.0547939616452
21.5058301176    |  0.0439395901397
22.5740457389    |  0.0803254744609
16.4805878511    |  0.0499729753354
16.6552766842    |  0.0296043045527
15.5918469512    |  0.0316747314982
11.0272732748    |  0.0414839725546
13.9222861895    |  0.0411715893418
8.53877895224    |  0.0487741374006
11.4797043319    |  0.0238966069039
11.5167674436    |  0.0407722688745
8.43706528339    |  0.0210351674246
27.5914727131    |  0.0217788908472